95
(0 0.5 0 0 0 0 0 0.5 0
 0 0 0.33 0 0 0 0 0.33 0.33
 0 0 0 1.0 0 0 0 0 0
 0 0.33 0 0 0.33 0 0 0 0.33
 0 0 0 0 0 0 0 0 0
 0 0 0 0 0.5 0 0 0 0.5
 0.33 0 0 0 0 0 0 0.33 0.33
 0 0 0 0 0 0 0 0 0
 0 0 0 0 1.0 0 0 0 0)

(0 0.5 0 0 0 0 0 0.5 0
 0 0 0.33 0 0 0 0 0.33 0.33
 0 0 0 1.0 0 0 0 0 0
 0 0.33 0 0 0.33 0 0 0 0.33
 0.11 0.11 0.11 0.11 0.11 0.11 0.11 0.11 0.11
 0 0 0 0 0.5 0 0 0 0.5
 0.33 0 0 0 0 0 0 0.33 0.33
 0.11 0.11 0.11 0.11 0.11 0.11 0.11 0.11 0.11
 0 0 0 0 1.0 0 0 0 0)

(0.01 0.01 0.01 0.01 0.11 0.01 0.31 0.11 0.01
 0.46 0.01 0.01 0.31 0.11 0.01 0.01 0.11 0.01
 0.01 0.31 0.01 0.01 0.11 0.01 0.01 0.11 0.01
 0.01 0.01 0.91 0.01 0.11 0.01 0.01 0.11 0.01
 0.01 0.01 0.01 0.31 0.11 0.46 0.01 0.11 0.91
 0.01 0.01 0.01 0.01 0.11 0.01 0.01 0.11 0.01
 0.01 0.01 0.01 0.01 0.11 0.01 0.01 0.11 0.01
 0.46 0.31 0.01 0.01 0.11 0.01 0.31 0.11 0.01
 0.01 0.31 0.01 0.31 0.11 0.46 0.31 0.11 0.01)

(0.06 0.12 0.08 0.11 0.27 0.05 0.05 0.12 0.15)